> sim_chinese
Power for predictor 'Date', (95% confidence interval):
      18.00% (11.03, 26.95)

Test: unknown test
      Effect size for Date is 1.7e-05

Based on 100 simulations, (0 warnings, 0 errors)
alpha = 0.05, nrow = 12

Time elapsed: 0 h 0 m 5 s

nb: result might be an observed power calculation

> sim_english
Power for predictor 'Date', (95% confidence interval):
      76.00% (66.43, 83.98)

Test: unknown test
      Effect size for Date is 4.5e-05

Based on 100 simulations, (0 warnings, 0 errors)
alpha = 0.05, nrow = 667

Time elapsed: 0 h 0 m 13 s

nb: result might be an observed power calculation

> sim_irish
Power for predictor 'Date', (95% confidence interval):
      24.00% (16.02, 33.57)

Test: unknown test
      Effect size for Date is -0.00029

Based on 100 simulations, (0 warnings, 0 errors)
alpha = 0.05, nrow = 13

Time elapsed: 0 h 0 m 5 s

nb: result might be an observed power calculation

> chinese.power
    EffectSize Power
1     0.000005     5
2     0.000010     2
3     0.000015    10
4     0.000020    16
5     0.000025    19
6     0.000030    15
7     0.000035    27
8     0.000040    32
9     0.000045    42
10    0.000050    45
11    0.000055    53
12    0.000060    69
13    0.000065    71
14    0.000070    79
15    0.000075    81
16    0.000080    83
17    0.000085    94
18    0.000090    91
19    0.000095    96
20    0.000100    98
21    0.000105    97
22    0.000110   100
23    0.000115    99
24    0.000120   100
25    0.000125   100
26    0.000130   100
27    0.000135   100
28    0.000140   100
29    0.000145   100
30    0.000150   100
31    0.000155   100
32    0.000160   100
33    0.000165   100
34    0.000170   100
35    0.000175   100
36    0.000180   100
37    0.000185   100
38    0.000190   100
39    0.000195   100
40    0.000200   100
41    0.000205   100
42    0.000210   100
43    0.000215   100
44    0.000220   100
45    0.000225   100
46    0.000230   100
47    0.000235   100
48    0.000240   100
49    0.000245   100
50    0.000250   100
51    0.000255   100
52    0.000260   100
53    0.000265   100
54    0.000270   100
55    0.000275   100
56    0.000280   100
57    0.000285   100
58    0.000290   100
59    0.000295   100
60    0.000300   100
61    0.000305   100
62    0.000310   100
63    0.000315   100
64    0.000320   100
65    0.000325   100
66    0.000330   100
67    0.000335   100
68    0.000340   100
69    0.000345   100
70    0.000350   100
71    0.000355   100
72    0.000360   100
73    0.000365   100
74    0.000370   100
75    0.000375   100
76    0.000380   100
77    0.000385   100
78    0.000390   100
79    0.000395   100
80    0.000400   100
81    0.000405   100
82    0.000410   100
83    0.000415   100
84    0.000420   100
85    0.000425   100
86    0.000430   100
87    0.000435   100
88    0.000440   100
89    0.000445   100
90    0.000450   100
91    0.000455   100
92    0.000460   100
93    0.000465   100
94    0.000470   100
95    0.000475   100
96    0.000480   100
97    0.000485   100
98    0.000490   100
99    0.000495   100
100   0.000500   100
101   0.000505   100
102   0.000510   100
103   0.000515   100
104   0.000520   100
105   0.000525   100
106   0.000530   100
107   0.000535   100
108   0.000540   100
109   0.000545   100
110   0.000550   100
111   0.000555   100
112   0.000560   100
113   0.000565   100
114   0.000570   100
115   0.000575   100
116   0.000580   100
117   0.000585   100
118   0.000590   100
119   0.000595   100
120   0.000600   100
121   0.000605   100
122   0.000610   100
123   0.000615   100
124   0.000620   100
125   0.000625   100
126   0.000630   100
127   0.000635   100
128   0.000640   100
129   0.000645   100
130   0.000650   100
131   0.000655   100
132   0.000660   100
133   0.000665   100
134   0.000670   100
135   0.000675   100
136   0.000680   100
137   0.000685   100
138   0.000690   100
139   0.000695   100
140   0.000700   100
141   0.000705   100
142   0.000710   100
143   0.000715   100
144   0.000720   100
145   0.000725   100
146   0.000730   100
147   0.000735   100
148   0.000740   100
149   0.000745   100
150   0.000750   100
151   0.000755   100
152   0.000760   100
153   0.000765   100
154   0.000770   100
155   0.000775   100
156   0.000780   100
157   0.000785   100
158   0.000790   100
159   0.000795   100
160   0.000800   100
161   0.000805   100
162   0.000810   100
163   0.000815   100
164   0.000820   100
165   0.000825   100
166   0.000830   100
167   0.000835   100
168   0.000840   100
169   0.000845   100
170   0.000850   100
171   0.000855   100
172   0.000860   100
173   0.000865   100
174   0.000870   100
175   0.000875   100
176   0.000880   100
177   0.000885   100
178   0.000890   100
179   0.000895   100
180   0.000900   100
181   0.000905   100
182   0.000910   100
183   0.000915   100
184   0.000920   100
185   0.000925   100
186   0.000930   100
187   0.000935   100
188   0.000940   100
189   0.000945   100
190   0.000950   100
191   0.000955   100
192   0.000960   100
193   0.000965   100
194   0.000970   100
195   0.000975   100
196   0.000980   100
197   0.000985   100
198   0.000990   100
199   0.000995   100
200   0.001000   100

> irish.power
    EffectSize Power
1     0.000005     4
2     0.000010     4
3     0.000015     8
4     0.000020     5
5     0.000025     6
6     0.000030     1
7     0.000035     4
8     0.000040     4
9     0.000045     1
10    0.000050     9
11    0.000055     7
12    0.000060     2
13    0.000065     5
14    0.000070     9
15    0.000075    10
16    0.000080     6
17    0.000085     7
18    0.000090     3
19    0.000095     6
20    0.000100     9
21    0.000105     8
22    0.000110     7
23    0.000115     8
24    0.000120    10
25    0.000125     7
26    0.000130     8
27    0.000135     4
28    0.000140    15
29    0.000145     8
30    0.000150     7
31    0.000155     9
32    0.000160    15
33    0.000165    12
34    0.000170    10
35    0.000175     9
36    0.000180    14
37    0.000185    11
38    0.000190    15
39    0.000195    12
40    0.000200    12
41    0.000205    12
42    0.000210    13
43    0.000215    15
44    0.000220    17
45    0.000225    19
46    0.000230    16
47    0.000235    16
48    0.000240    12
49    0.000245    17
50    0.000250    16
51    0.000255    23
52    0.000260    24
53    0.000265    20
54    0.000270    16
55    0.000275    29
56    0.000280    15
57    0.000285    25
58    0.000290    25
59    0.000295    22
60    0.000300    20
61    0.000305    24
62    0.000310    20
63    0.000315    35
64    0.000320    27
65    0.000325    22
66    0.000330    18
67    0.000335    31
68    0.000340    29
69    0.000345    28
70    0.000350    22
71    0.000355    32
72    0.000360    32
73    0.000365    35
74    0.000370    40
75    0.000375    34
76    0.000380    37
77    0.000385    32
78    0.000390    40
79    0.000395    36
80    0.000400    49
81    0.000405    50
82    0.000410    35
83    0.000415    37
84    0.000420    41
85    0.000425    45
86    0.000430    40
87    0.000435    42
88    0.000440    43
89    0.000445    44
90    0.000450    49
91    0.000455    42
92    0.000460    51
93    0.000465    53
94    0.000470    49
95    0.000475    48
96    0.000480    51
97    0.000485    56
98    0.000490    57
99    0.000495    54
100   0.000500    49
101   0.000505    51
102   0.000510    67
103   0.000515    60
104   0.000520    65
105   0.000525    53
106   0.000530    62
107   0.000535    50
108   0.000540    52
109   0.000545    56
110   0.000550    59
111   0.000555    72
112   0.000560    69
113   0.000565    69
114   0.000570    61
115   0.000575    66
116   0.000580    72
117   0.000585    63
118   0.000590    66
119   0.000595    74
120   0.000600    71
121   0.000605    66
122   0.000610    69
123   0.000615    81
124   0.000620    67
125   0.000625    76
126   0.000630    73
127   0.000635    82
128   0.000640    75
129   0.000645    78
130   0.000650    78
131   0.000655    78
132   0.000660    76
133   0.000665    83
134   0.000670    82
135   0.000675    81
136   0.000680    79
137   0.000685    80
138   0.000690    86
139   0.000695    88
140   0.000700    82
141   0.000705    89
142   0.000710    83
143   0.000715    82
144   0.000720    85
145   0.000725    80
146   0.000730    82
147   0.000735    87
148   0.000740    89
149   0.000745    90
150   0.000750    86
151   0.000755    81
152   0.000760    92
153   0.000765    90
154   0.000770    94
155   0.000775    86
156   0.000780    88
157   0.000785    90
158   0.000790    92
159   0.000795    94
160   0.000800    84
161   0.000805    88
162   0.000810    94
163   0.000815    95
164   0.000820    91
165   0.000825    94
166   0.000830    94
167   0.000835    97
168   0.000840    95
169   0.000845    94
170   0.000850    94
171   0.000855    94
172   0.000860    92
173   0.000865    95
174   0.000870    99
175   0.000875    96
176   0.000880    96
177   0.000885    96
178   0.000890    97
179   0.000895    96
180   0.000900    95
181   0.000905    95
182   0.000910    97
183   0.000915    96
184   0.000920    98
185   0.000925    98
186   0.000930    96
187   0.000935   100
188   0.000940    98
189   0.000945   100
190   0.000950    96
191   0.000955    98
192   0.000960    96
193   0.000965    96
194   0.000970    96
195   0.000975   100
196   0.000980    99
197   0.000985    99
198   0.000990   100
199   0.000995    98
200   0.001000    98

> english.power
    EffectSize Power
1     0.000005     5
2     0.000010     7
3     0.000015    19
4     0.000020    24
5     0.000025    28
6     0.000030    39
7     0.000035    55
8     0.000040    55
9     0.000045    64
10    0.000050    76
11    0.000055    80
12    0.000060    94
13    0.000065    97
14    0.000070    98
15    0.000075    99
16    0.000080    99
17    0.000085   100
18    0.000090   100
19    0.000095   100
20    0.000100   100
21    0.000105   100
22    0.000110   100
23    0.000115   100
24    0.000120   100
25    0.000125   100
26    0.000130   100
27    0.000135   100
28    0.000140   100
29    0.000145   100
30    0.000150   100
31    0.000155   100
32    0.000160   100
33    0.000165   100
34    0.000170   100
35    0.000175   100
36    0.000180   100
37    0.000185   100
38    0.000190   100
39    0.000195   100
40    0.000200   100
41    0.000205   100
42    0.000210   100
43    0.000215   100
44    0.000220   100
45    0.000225   100
46    0.000230   100
47    0.000235   100
48    0.000240   100
49    0.000245   100
50    0.000250   100
51    0.000255   100
52    0.000260   100
53    0.000265   100
54    0.000270   100
55    0.000275   100
56    0.000280   100
57    0.000285   100
58    0.000290   100
59    0.000295   100
60    0.000300   100
61    0.000305   100
62    0.000310   100
63    0.000315   100
64    0.000320   100
65    0.000325   100
66    0.000330   100
67    0.000335   100
68    0.000340   100
69    0.000345   100
70    0.000350   100
71    0.000355   100
72    0.000360   100
73    0.000365   100
74    0.000370   100
75    0.000375   100
76    0.000380   100
77    0.000385   100
78    0.000390   100
79    0.000395   100
80    0.000400   100
81    0.000405   100
82    0.000410   100
83    0.000415   100
84    0.000420   100
85    0.000425   100
86    0.000430   100
87    0.000435   100
88    0.000440   100
89    0.000445   100
90    0.000450   100
91    0.000455   100
92    0.000460   100
93    0.000465   100
94    0.000470   100
95    0.000475   100
96    0.000480   100
97    0.000485   100
98    0.000490   100
99    0.000495   100
100   0.000500   100
101   0.000505   100
102   0.000510   100
103   0.000515   100
104   0.000520   100
105   0.000525   100
106   0.000530   100
107   0.000535   100
108   0.000540   100
109   0.000545   100
110   0.000550   100
111   0.000555   100
112   0.000560   100
113   0.000565   100
114   0.000570   100
115   0.000575   100
116   0.000580   100
117   0.000585   100
118   0.000590   100
119   0.000595   100
120   0.000600   100
121   0.000605   100
122   0.000610   100
123   0.000615   100
124   0.000620   100
125   0.000625   100
126   0.000630   100
127   0.000635   100
128   0.000640   100
129   0.000645   100
130   0.000650   100
131   0.000655   100
132   0.000660   100
133   0.000665   100
134   0.000670   100
135   0.000675   100
136   0.000680   100
137   0.000685   100
138   0.000690   100
139   0.000695   100
140   0.000700   100
141   0.000705   100
142   0.000710   100
143   0.000715   100
144   0.000720   100
145   0.000725   100
146   0.000730   100
147   0.000735   100
148   0.000740   100
149   0.000745   100
150   0.000750   100
151   0.000755   100
152   0.000760   100
153   0.000765   100
154   0.000770   100
155   0.000775   100
156   0.000780   100
157   0.000785   100
158   0.000790   100
159   0.000795   100
160   0.000800   100
161   0.000805   100
162   0.000810   100
163   0.000815   100
164   0.000820   100
165   0.000825   100
166   0.000830   100
167   0.000835   100
168   0.000840   100
169   0.000845   100
170   0.000850   100
171   0.000855   100
172   0.000860   100
173   0.000865   100
174   0.000870   100
175   0.000875   100
176   0.000880   100
177   0.000885   100
178   0.000890   100
179   0.000895   100
180   0.000900   100
181   0.000905   100
182   0.000910   100
183   0.000915   100
184   0.000920   100
185   0.000925   100
186   0.000930   100
187   0.000935   100
188   0.000940   100
189   0.000945   100
190   0.000950   100
191   0.000955   100
192   0.000960   100
193   0.000965   100
194   0.000970   100
195   0.000975   100
196   0.000980   100
197   0.000985   100
198   0.000990   100
199   0.000995   100
200   0.001000   100